100
6 0022111
6 5000051
6 1111111
6 0100001
3 4826
2 121
0 1
6 0000051
6 0010001
5 110011
6 0110001
4 68072
1 09
4 11111
2 129
6 0093001
6 0000301
6 0003001
6 4660001
6 8300001
2 729
6 2702965
6 1979042
6 0000001
0 1
6 2674158
6 4000001
4 22002
6 2020111
6 4423501
3 2598
0 1
4 80001
6 0221012
6 1122111
1 05
4 20201
6 0002001
2 106
3 0001
6 1000201
6 0000001
5 946121
6 2699415
3 2021
6 9421592
6 6700001
2 001
2 001
6 9367779
2 301
6 0000001
0 1
6 0000041
0 1
5 220011
6 9015001
6 0005001
6 0000001
0 1
6 9000001
2 001
6 1267338
6 5006709
6 2120101
6 6487771
6 2090061
6 0000001
6 0070001
0 1
6 1400051
6 2092541
0 2
3 0001
1 41
6 0002221
6 1111111
4 00028
6 5000061
4 18017
2 001
3 3001
6 3000001
6 0000001
6 0000001
5 121201
5 000001
4 35984
6 0211011
0 2
6 9999999
4 02201
2 801
6 2111211
6 9000001
2 923
3 6001
5 150001
5 800031
6 1202211
